89.12509381337455 0.00000000000000e+00
112.20184543019636 4.73339322239979e-12
141.25375446227540 1.37085737004057e-11
177.82794100389219 1.95416882226627e-11
223.87211385683389 2.22828329135400e-11
281.83829312644536 2.47699581535454e-11
354.81338923357532 2.53724394489209e-11
446.68359215096280 2.51030623860464e-11
562.34132519034881 2.40559341709984e-11
707.94578438413771 2.42459459488273e-11
891.25093813374542 2.40299362626933e-11
1122.01845430196295 2.36653545382227e-11
1412.53754462275333 2.29960934059640e-11
1778.27941003892192 2.25508993421145e-11
2238.72113856833766 2.21855225644772e-11
2818.38293126445205 2.21307330508541e-11
3548.13389233575344 2.19887863155982e-11
4466.83592150962795 2.16058203652320e-11
5623.41325190348834 2.16550276195187e-11
7079.45784384137369 2.18851975663421e-11
8912.50938133744421 2.18951063130385e-11
11220.18454301962265 2.20338249936561e-11
14125.37544622752648 2.20794554261254e-11
17782.79410038921196 2.18496589636346e-11
22387.21138568340029 2.10591190716041e-11
28183.82931264454965 1.85934789517886e-11
35481.33892335752898 1.41441440861444e-11
44668.35921509625769 1.00581180313942e-11
56234.13251903485070 9.12265158261006e-12
70794.57843841373688 9.48887880364844e-12
89125.09381337449304 8.29448595676945e-12
112201.84543019629200 5.26047995360078e-12
141253.75446227524662 4.60172664949379e-12
177827.94100389210507 3.12519456053233e-12
223872.11385683377739 2.49077109491009e-12
281838.29312644520542 1.39363789558416e-12
354813.38923357531894 1.12698140835185e-12
446683.59215096256230 5.58645932590801e-13
562341.32519034796860 3.62211941124824e-13
707945.78438413667027 2.21072127925024e-13
891250.93813374498859 1.12613162687994e-13
1122018.45430196286179 5.70437167734440e-14
1412537.54462275258265 2.96048364826312e-14
1778279.41003891918808 1.50154941022097e-14
2238721.13856833800673 7.28184855314849e-15
2818382.93126445496455 3.42225116215197e-15
3548133.89233575342223 1.57458588416957e-15
4466835.92150962632149 7.13260007036309e-16
5623413.25190347898751 3.18915320063570e-16
7079457.84384137298912 1.41337500805736e-16
8912509.38133745826781 6.21637445233503e-17
11220184.54301963001490 2.70860146533224e-17
14125375.44622752629220 1.17331107380461e-17
17782794.10038919001818 5.06859263802186e-18
22387211.38568333163857 2.18069992163044e-18
28183829.31264449283481 9.34324595309714e-19
35481338.92335753142834 4.00351556670591e-19
44668359.21509625762701 1.70766178855083e-19
56234132.51903478801250 7.26963691312239e-20
70794578.43841359019279 3.08640379155786e-20
89125093.81337440013885 1.30977026304200e-20
112201845.43019630014896 5.53190745767642e-21
141253754.46227526664734 2.32921913133561e-21
177827941.00389191508293 9.79517329389550e-22
223872113.85683333873749 4.10019462599980e-22
281838293.12644493579865 1.71485675371727e-22
354813389.23357534408569 7.16250521492052e-23
446683592.15096253156662 2.98948157104055e-23
562341325.19034790992737 1.25100565145151e-23
707945784.38413584232330 5.26604283879416e-24
891250938.13374412059784 2.23768652950401e-24
1122018454.30196285247803 9.64564328826833e-25
1412537544.62275242805481 4.23281675403672e-25
1778279410.03891897201538 1.89430972279227e-25
2238721138.56833314895630 8.68637988529720e-26
2818382931.26444959640503 4.04409426578805e-26
3548133892.33575296401978 1.91357471519234e-26
4466835921.50962543487549 9.16068127019776e-27
5623413251.90347957611084 4.42904966362160e-27
7079457843.84135913848877 2.15125423060055e-27
8912509381.33744049072266 1.04676141156016e-27
11220184543.01963043212891 5.09459172506944e-28
14125375446.22752571105957 2.46686791337412e-28
17782794100.38919067382812 1.19210833929947e-28
22387211385.68337631225586 5.71083021075207e-29
28183829312.64454650878906 2.70577149270353e-29
35481338923.35752868652344 1.24930777181237e-29
44668359215.09626007080078 5.48714866520792e-30
56234132519.03479766845703 2.11602343018380e-30
70794578438.41374206542969 0.00000000000000e+00
89125093813.37458801269531 0.00000000000000e+00
